======================================================
Periodos: 6
¿Solucion?: No, Iteracion: 10, Costo: 6.000000
======================================================

10 11 13 1 4 8 
19 10 4 5 13 12 
8 4 6 12 10 1 
10 8 7 5 3 6 
5 9 10 4 13 3 
7 5 11 9 12 19 
9 7 13 4 11 5 
5 10 1 19 8 11 
12 9 3 11 8 4 
4 5 9 7 11 3 
13 19 12 4 5 9 
8 7 5 13 1 6 
8 5 4 1 7 11 
3 7 4 12 6 9 
4 3 6 10 9 7 
1 10 11 6 19 8 
7 1 9 8 5 12 
9 4 10 3 19 7 
12 13 8 6 1 3 
8 11 19 9 6 5 
3 12 19 4 7 8 
7 4 12 11 6 3 
5 8 3 13 9 19 
3 11 10 6 12 13 
6 3 5 8 10 4 
11 6 8 3 4 5 
19 13 7 10 11 8 
6 4 3 9 7 10 
9 12 11 7 3 10 



======================================================
Periodos: 7
¿Solucion?: No, Iteracion: 10, Costo: 8.000000
======================================================

9 5 12 8 10 11 7 
9 12 11 3 6 19 5 
4 7 3 10 8 9 5 
3 10 4 5 8 6 7 
12 8 7 3 1 4 10 
7 10 1 13 12 11 4 
3 13 6 1 9 19 4 
13 6 7 4 5 11 9 
7 9 3 8 4 12 10 
5 3 9 6 19 4 8 
19 11 9 3 10 7 4 
5 19 10 8 9 7 1 
3 5 8 6 7 1 11 
4 6 11 19 7 5 8 
8 12 13 4 11 9 6 
4 8 1 6 10 13 19 
6 3 4 10 9 5 11 
8 4 19 5 6 10 11 
8 19 7 9 3 1 4 
1 9 10 3 5 6 19 
9 3 19 12 11 13 1 
9 11 3 1 7 4 6 
1 13 11 9 12 7 3 
11 1 12 9 6 8 13 
12 7 5 11 4 8 3 
10 4 8 7 3 3 12 
5 11 6 13 1 12 3 
6 8 10 11 12 3 5 
11 5 6 12 13 10 9 



======================================================
Periodos: 8
¿Solucion?: No, Iteracion: 10, Costo: 18.000000
======================================================

4 7 11 12 1 8 19 9 
4 9 7 10 12 3 1 19 
19 8 12 7 13 4 11 3 
4 11 6 8 3 7 5 12 
10 5 1 11 3 6 4 8 
13 1 10 3 6 9 5 19 
6 12 7 11 19 4 9 13 
1 8 13 3 9 10 6 4 
10 7 4 6 9 11 8 5 
8 3 19 11 5 1 6 10 
9 13 7 3 11 12 10 1 
6 19 3 4 5 7 10 9 
7 12 10 8 11 13 4 5 
5 4 8 13 12 9 3 10 
8 10 3 5 6 4 12 11 
5 19 11 1 8 12 13 6 
3 5 10 4 8 19 9 7 
9 1 8 12 7 13 11 6 
12 9 3 7 11 6 13 4 
7 5 6 1 19 9 10 3 
13 10 8 6 1 5 9 4 
3 11 1 9 5 8 12 4 
5 8 9 12 4 11 1 13 
7 9 12 19 4 5 3 6 
12 6 9 10 7 8 4 3 
11 4 5 9 10 3 7 8 
9 6 4 7 3 5 19 11 
3 12 4 5 8 6 11 9 
6 3 11 9 4 10 8 7 



