======================================================
Periodos: 6
¿Solucion?: Si, Iteracion: 9, Costo: 0.000000
======================================================

3 7 26 13 9 10 
9 12 3 10 26 6 
11 8 4 9 7 6 
4 8 26 7 25 12 
10 6 7 9 3 4 
6 8 12 11 13 3 
7 4 11 12 13 9 
12 5 4 7 11 3 
11 9 25 12 4 13 
3 4 13 10 5 26 
26 3 10 5 8 9 
11 5 3 25 8 12 
13 25 9 6 3 10 
3 13 8 11 10 6 
4 10 12 26 9 7 
25 7 9 10 4 11 
8 7 11 3 5 4 
4 6 10 12 7 11 
9 4 25 11 7 5 
10 3 9 13 11 5 
6 4 8 3 11 7 
9 3 11 4 6 13 
12 9 5 3 7 8 
6 9 4 8 10 11 
7 12 5 8 6 25 
5 11 6 4 12 8 
9 8 7 3 4 10 
25 10 8 5 26 3 
8 26 3 6 4 5 



======================================================
Periodos: 7
¿Solucion?: No, Iteracion: 10, Costo: 20.000000
======================================================

11 25 13 4 3 8 7 
9 8 6 13 5 26 3 
4 10 6 8 13 12 11 
8 25 12 3 10 5 11 
11 4 7 6 5 9 8 
9 10 8 25 11 6 12 
3 12 13 7 8 4 5 
3 6 25 12 4 8 9 
4 6 3 5 8 11 7 
6 3 4 10 9 13 25 
4 8 26 7 25 10 12 
8 4 11 10 3 7 13 
3 10 4 11 7 5 8 
10 5 12 4 6 7 9 
25 3 9 5 10 6 26 
6 7 10 25 3 11 8 
9 7 11 8 4 3 5 
12 5 3 6 4 25 11 
5 12 9 13 11 10 7 
8 7 4 12 6 9 3 
13 6 5 7 3 26 10 
13 8 10 9 6 3 7 
6 5 7 26 11 4 10 
12 26 6 4 7 11 10 
26 11 3 9 8 12 4 
7 9 8 3 12 4 6 
7 12 5 26 13 8 3 
5 11 10 8 9 25 3 
10 13 5 11 26 3 4 



