======================================================
Periodos: 6
¿Solucion?: Si, Iteracion: 3, Costo: 0.000000
======================================================

8 4 11 7 9 3 
14 10 11 3 6 4 
5 11 12 8 4 3 
5 12 3 9 8 6 
4 8 11 12 7 9 
4 12 10 15 5 7 
11 5 14 4 10 3 
12 10 3 6 14 11 
6 3 8 4 15 14 
9 5 15 7 3 6 
15 3 5 11 8 4 
16 10 5 4 7 6 
3 11 16 9 10 4 
8 14 10 5 12 9 
3 4 9 12 16 8 
6 4 7 5 10 16 
14 8 3 16 4 7 
5 15 16 7 6 10 
12 7 6 16 5 9 
9 7 16 5 8 3 
16 15 8 10 3 4 
11 6 9 10 14 12 
9 16 4 11 5 8 
4 7 14 6 3 12 
10 6 7 8 9 15 
7 9 4 3 11 5 
10 5 6 9 12 8 
3 8 12 10 6 16 
11 16 6 14 7 10 



======================================================
Periodos: 7
¿Solucion?: Si, Iteracion: 2, Costo: 0.000000
======================================================

16 12 3 9 15 6 8 
3 7 10 16 5 14 12 
4 6 3 7 11 16 9 
15 6 14 8 9 3 11 
8 7 16 4 14 3 9 
4 7 12 11 8 15 16 
9 6 10 15 7 4 16 
14 15 9 11 3 5 10 
10 11 15 9 3 8 4 
6 10 4 16 7 8 14 
8 16 11 10 9 6 3 
4 9 8 10 15 11 6 
15 8 11 12 10 4 14 
3 4 7 12 6 11 10 
12 3 5 4 16 10 15 
14 12 16 8 11 4 5 
7 14 10 6 8 5 11 
12 5 7 10 4 14 9 
10 4 5 15 14 16 11 
9 3 12 5 11 6 4 
8 5 9 6 7 11 12 
6 14 9 3 5 12 8 
6 12 14 4 10 7 3 
16 4 8 14 10 12 5 
11 9 4 5 12 3 8 
5 8 6 3 4 9 7 
7 11 16 14 9 10 12 
11 5 8 7 6 4 3 
9 10 3 8 5 7 6 



======================================================
Periodos: 8
¿Solucion?: Si, Iteracion: 7, Costo: 0.000000
======================================================

5 12 11 9 16 6 8 4 
14 5 12 9 15 8 6 16 
4 14 10 7 6 3 5 11 
14 8 15 3 11 6 5 7 
12 4 15 10 14 5 8 3 
7 4 12 6 10 16 9 14 
7 8 3 5 12 9 10 4 
5 7 6 3 4 14 9 10 
10 5 4 15 11 9 8 12 
4 6 8 10 5 7 14 16 
9 7 16 14 10 6 4 3 
8 9 3 4 7 14 5 12 
12 10 7 3 9 4 6 14 
9 8 10 11 14 15 3 5 
16 3 5 12 9 8 11 4 
15 16 6 10 8 3 12 7 
11 10 3 16 8 7 15 5 
10 12 6 8 7 4 14 15 
5 4 14 12 7 3 6 9 
7 3 8 11 15 4 16 10 
15 4 3 14 16 12 11 6 
3 10 8 6 4 5 12 15 
4 12 5 3 8 16 10 9 
8 16 11 7 4 12 10 3 
3 9 7 8 12 11 4 6 
6 11 9 4 3 10 7 8 
12 14 16 6 5 11 3 10 
8 6 14 5 3 4 12 11 
11 15 4 9 6 5 3 7 



