======================================================
Periodos: 6
¿Solucion?: No, Iteracion: 10, Costo: 21.000000
======================================================

10 8 11 9 3 2 
6 10 7 19 8 21 
4 5 1 8 7 3 
2 7 6 4 11 3 
11 4 5 10 8 6 
3 6 7 8 21 19 
5 8 9 3 7 19 
3 9 21 7 10 6 
7 11 6 2 9 8 
5 1 4 8 3 7 
9 6 8 11 10 3 
3 19 4 11 8 2 
9 21 1 10 3 5 
19 8 3 6 4 1 
10 9 8 3 11 4 
5 19 2 1 4 11 
6 4 3 5 1 7 
1 11 9 6 2 3 
1 2 7 5 19 11 
8 21 2 6 5 10 
9 10 21 5 2 4 
7 6 5 3 2 10 
4 10 2 7 19 5 
21 5 9 7 4 10 
4 7 11 21 5 8 
8 3 10 4 6 9 
11 5 3 1 10 4 
2 3 4 21 9 11 
3 2 19 9 7 5 



======================================================
Periodos: 7
¿Solucion?: No, Iteracion: 10, Costo: 26.000000
======================================================

9 8 3 6 4 7 5 
5 11 9 4 2 19 10 
3 4 8 7 19 1 5 
4 6 10 8 7 3 5 
10 3 4 2 11 7 6 
1 3 19 7 6 9 10 
19 2 5 10 6 21 7 
19 10 6 7 11 3 21 
9 4 5 3 10 8 11 
7 1 11 3 9 6 4 
4 11 21 19 5 8 7 
11 5 7 8 21 1 6 
7 9 4 8 19 21 10 
5 10 7 21 9 11 19 
2 5 10 6 3 4 8 
11 9 6 4 3 5 7 
21 2 11 4 8 3 9 
1 7 2 9 21 11 8 
3 7 4 11 10 5 1 
3 10 19 8 2 4 11 
4 3 9 11 1 6 2 
10 9 3 7 5 2 8 
3 8 7 9 5 6 21 
8 19 1 9 7 5 2 
2 6 3 11 8 9 4 
6 7 8 5 4 10 3 
7 4 9 10 3 11 1 
11 8 2 1 6 4 3 
8 21 6 10 1 2 9 



======================================================
Periodos: 8
¿Solucion?: No, Iteracion: 10, Costo: 48.000000
======================================================

4 11 3 9 6 5 10 2 
1 6 8 11 3 21 4 5 
8 19 1 6 4 5 9 10 
3 2 11 7 8 19 4 9 
9 5 2 10 7 6 3 11 
5 10 9 6 8 7 19 11 
3 9 21 8 19 2 6 10 
3 4 7 19 1 9 5 2 
5 11 6 7 10 9 8 4 
2 4 5 6 3 11 1 7 
6 4 3 5 9 10 11 19 
2 5 7 21 10 1 19 8 
7 2 21 9 4 3 8 5 
6 10 4 3 21 8 5 1 
10 8 11 3 6 7 9 4 
7 19 10 2 3 8 11 6 
19 21 9 2 4 10 6 3 
11 1 10 9 2 4 6 7 
8 7 5 19 2 6 11 3 
9 8 19 11 4 1 5 6 
21 1 3 11 7 4 8 10 
7 10 19 8 2 5 3 9 
8 3 9 21 1 4 2 5 
4 6 10 5 8 11 21 3 
11 7 4 8 9 3 10 21 
19 3 6 4 5 2 7 8 
21 8 1 10 19 3 4 7 
10 1 7 4 11 8 2 9 
19 9 8 1 11 4 3 6 



