======================================================
Periodos: 6
¿Solucion?: Si, Iteracion: 1, Costo: 0.000000
======================================================

6 2 10 8 4 5 
5 10 6 9 3 1 
10 6 9 5 4 7 
6 9 7 2 3 4 
9 1 3 5 6 4 
1 10 7 4 8 2 
10 2 4 3 7 13 
2 11 1 13 3 9 
4 3 8 9 10 11 
4 7 3 10 11 6 
13 12 3 6 1 9 
9 5 11 4 2 6 
3 8 7 1 4 6 
3 5 12 11 6 10 
12 3 11 7 8 4 
5 7 8 3 6 2 
8 11 10 12 7 3 
5 4 9 2 10 8 
2 6 10 1 5 8 
9 8 13 6 7 5 
12 5 8 6 11 7 
3 1 6 12 11 13 
9 2 12 7 5 3 
6 8 4 10 13 3 
7 9 2 3 12 8 
11 4 5 8 9 12 
3 7 13 2 12 11 
7 12 6 4 5 10 
8 13 4 11 2 5 



======================================================
Periodos: 7
¿Solucion?: No, Iteracion: 10, Costo: 13.000000
======================================================

9 3 8 7 5 1 11 
5 11 8 10 9 12 3 
3 9 4 5 8 11 6 
11 8 4 9 3 1 13 
13 7 3 9 10 4 6 
1 2 3 4 11 12 8 
2 10 12 5 1 9 7 
6 10 8 4 3 13 12 
10 4 2 7 12 5 8 
6 12 10 8 11 2 3 
9 11 10 6 13 3 5 
12 4 9 2 5 11 3 
4 5 7 13 12 2 11 
11 1 9 6 2 8 10 
7 3 12 8 4 6 9 
11 9 3 13 4 10 1 
2 6 7 12 10 8 5 
8 12 9 4 10 3 7 
8 13 7 9 2 5 1 
7 2 6 9 1 3 11 
8 10 4 1 6 7 11 
13 4 11 3 6 9 10 
10 13 11 1 5 4 9 
5 6 11 2 3 7 4 
12 7 6 11 9 10 4 
4 8 5 3 7 6 2 
9 5 3 12 8 7 10 
8 3 1 11 4 9 12 
3 5 13 10 6 4 7 



======================================================
Periodos: 8
¿Solucion?: No, Iteracion: 10, Costo: 28.000000
======================================================

13 6 4 7 5 3 8 10 
10 7 12 4 8 3 9 6 
8 3 7 11 2 6 10 4 
5 11 13 6 9 7 4 2 
5 2 7 12 8 4 1 9 
7 9 3 1 10 4 13 12 
3 2 6 10 1 11 7 5 
3 12 5 13 8 2 6 10 
4 11 10 3 12 9 8 5 
9 4 3 10 5 7 6 1 
3 5 1 7 6 10 11 8 
7 5 4 6 13 2 9 3 
1 4 2 6 3 12 7 13 
4 9 8 2 11 1 7 6 
6 8 10 12 4 5 3 7 
13 1 8 10 3 5 9 4 
9 8 6 3 10 13 4 11 
7 12 6 8 5 10 1 13 
11 1 13 7 12 6 2 9 
8 7 9 2 13 11 12 10 
10 5 2 8 11 9 3 4 
1 2 12 11 9 10 8 3 
2 6 12 5 11 4 10 7 
5 13 4 9 3 11 2 8 
11 6 9 8 4 12 5 3 
12 10 11 4 7 8 3 2 
6 7 3 5 1 8 4 9 
10 3 8 5 9 13 11 12 
2 4 5 9 6 3 12 11 



