======================================================
Periodos: 6
¿Solucion?: No, Iteracion: 10, Costo: 20.000000
======================================================

19 2 8 9 4 3 
19 6 4 1 7 2 
8 3 16 4 5 7 
7 9 2 6 3 4 
17 19 16 6 9 8 
6 18 3 7 4 9 
6 4 18 8 3 17 
17 16 7 5 8 18 
4 7 8 2 5 6 
2 5 3 18 6 7 
8 6 17 3 1 4 
6 1 2 17 8 3 
16 9 3 8 17 18 
7 4 6 3 17 8 
3 17 4 8 16 5 
3 1 17 6 4 2 
18 2 6 17 7 9 
2 8 1 19 9 5 
1 19 7 3 6 2 
3 6 1 9 8 17 
8 7 9 1 6 3 
5 9 7 19 4 8 
5 16 8 18 7 4 
5 4 19 16 9 3 
4 3 9 7 18 16 
9 8 5 4 3 19 
18 3 5 16 2 17 
1 18 4 5 2 6 
16 5 18 9 19 1 



======================================================
Periodos: 7
¿Solucion?: No, Iteracion: 10, Costo: 32.000000
======================================================

18 2 17 3 1 8 19 
9 1 3 18 2 16 6 
18 5 16 9 3 7 17 
3 18 4 1 7 8 6 
6 5 1 4 16 18 19 
8 6 9 2 3 4 5 
4 17 7 3 6 18 1 
4 7 19 16 2 6 8 
8 3 5 17 18 9 4 
4 16 3 6 7 2 9 
17 8 2 6 16 3 7 
19 8 9 7 6 1 17 
9 16 17 7 5 4 2 
7 4 8 3 5 17 9 
6 4 18 8 9 7 5 
2 18 5 4 17 3 8 
2 9 8 19 6 4 3 
17 7 16 18 5 8 1 
19 9 1 18 3 5 8 
5 1 17 16 19 9 3 
9 7 4 3 19 1 18 
9 8 6 4 3 2 16 
16 9 2 8 1 17 6 
1 19 4 7 17 16 3 
3 6 7 9 8 5 4 
7 3 9 5 4 18 16 
5 2 6 8 4 3 18 
16 5 6 2 9 19 7 
5 17 3 4 8 6 2 



======================================================
Periodos: 8
¿Solucion?: No, Iteracion: 10, Costo: 52.000000
======================================================

8 6 18 7 16 17 4 19 
6 19 3 16 2 17 5 4 
1 8 2 4 3 5 6 9 
18 8 4 5 2 3 9 16 
17 19 8 2 9 18 4 7 
9 5 1 8 3 2 7 4 
4 9 17 18 1 7 6 19 
8 17 6 16 9 19 7 5 
1 18 9 3 8 2 4 6 
3 9 5 6 19 4 17 7 
6 4 16 8 17 3 18 1 
17 3 4 6 1 8 19 2 
19 7 2 17 18 8 1 16 
1 5 6 17 7 4 9 2 
7 4 8 3 6 16 5 9 
2 8 3 6 16 9 18 17 
2 16 4 1 3 7 17 5 
17 2 5 19 7 3 6 4 
6 9 8 7 18 1 16 17 
4 16 18 19 17 9 1 7 
8 6 16 5 7 9 3 17 
3 17 2 5 16 1 19 8 
19 1 18 4 9 7 5 3 
9 2 17 7 4 18 8 3 
16 7 3 4 5 2 8 18 
5 3 7 9 4 6 3 8 
7 1 5 8 18 17 2 6 
3 6 9 18 5 8 2 4 
4 6 19 2 8 5 16 3 



